{
    "animation": [
        {
            "name": "Root",
            "time": [0.0, 0.3333],
            "transform": [
                [0.741365, -0.003525, 0.671092, -5e-06, 0.666475, -0.113348, -0.73686, 0.000946, 0.078665, 0.993549, -0.081683, 0.727916, 0.0, 0.0, 0.0, 1.0],
                [0.741365, -0.003525, 0.671092, -5e-06, 0.666475, -0.113348, -0.73686, 0.000946, 0.078665, 0.993549, -0.081683, 0.727916, 0.0, 0.0, 0.0, 1.0]
            ]
        },
        {
            "name": "Thigh_R",
            "time": [0.0, 0.3333],
            "transform": [
                [0.823773, 0.156037, 0.545023, 0.115665, 0.056048, -0.979079, 0.195594, -0.039773, 0.564141, -0.130577, -0.815288, 0.075197, 0.0, 0.0, 0.0, 1.0],
                [0.823773, 0.156037, 0.545023, 0.115665, 0.056048, -0.979079, 0.195594, -0.039773, 0.564141, -0.130577, -0.815288, 0.075197, 0.0, 0.0, 0.0, 1.0]
            ]
        },
        {
            "name": "Leg_R",
            "time": [0.0, 0.3333],
            "transform": [
                [1.0, -0.0, 1e-06, -0.0, -0.0, 0.882064, 0.47113, 0.37472, -1e-06, -0.471131, 0.882062, 0.0, 0.0, 0.0, 0.0, 1.0],
                [1.0, -0.0, 1e-06, -0.0, -0.0, 0.882064, 0.47113, 0.37472, -1e-06, -0.471131, 0.882062, 0.0, 0.0, 0.0, 0.0, 1.0]
            ]
        },
        {
            "name": "Knee_R",
            "time": [0.0, 0.3333],
            "transform": [
                [1.0, 0.0, -0.0, -0.0, -0.0, 1e-06, -1.0, 0.386727, -0.0, 1.0, 1e-06, 0.0, 0.0, 0.0, 0.0, 1.0],
                [1.0, 0.0, -0.0, -0.0, -0.0, 1e-06, -1.0, 0.386727, -0.0, 1.0, 1e-06, 0.0, 0.0, 0.0, 0.0, 1.0]
            ]
        },
        {
            "name": "Thigh_L",
            "time": [0.0, 0.3333],
            "transform": [
                [0.526723, -0.079047, -0.846354, -0.100239, -0.087853, -0.995397, 0.038292, 0.016385, -0.845484, 0.054186, -0.531243, -0.0748, 0.0, 0.0, 0.0, 1.0],
                [0.526723, -0.079047, -0.846354, -0.100239, -0.087853, -0.995397, 0.038292, 0.016385, -0.845484, 0.054186, -0.531243, -0.0748, 0.0, 0.0, 0.0, 1.0]
            ]
        },
        {
            "name": "Leg_L",
            "time": [0.0, 0.3333],
            "transform": [
                [0.9849, -0.098183, -0.142592, 0.0, 0.094345, 0.994977, -0.03345, 0.37472, 0.14516, 0.019492, 0.989217, 0.0, 0.0, 0.0, 0.0, 1.0],
                [0.9849, -0.098183, -0.142592, 0.0, 0.094345, 0.994977, -0.03345, 0.37472, 0.14516, 0.019492, 0.989217, 0.0, 0.0, 0.0, 0.0, 1.0]
            ]
        },
        {
            "name": "Knee_L",
            "time": [0.0, 0.3333],
            "transform": [
                [1.0, 0.0, -0.0, 0.0, -0.0, 1e-06, -1.0, 0.37472, -0.0, 1.0, 1e-06, 0.0, 0.0, 0.0, 0.0, 1.0],
                [1.0, 0.0, -0.0, 0.0, -0.0, 1e-06, -1.0, 0.37472, -0.0, 1.0, 1e-06, 0.0, 0.0, 0.0, 0.0, 1.0]
            ]
        },
        {
            "name": "Torso",
            "time": [0.0, 0.3333],
            "transform": [
                [0.73192, 0.069771, -0.677809, 0.0, -0.055927, 0.997539, 0.042291, 0.05, 0.679092, 0.006955, 0.734021, 0.0, 0.0, 0.0, 0.0, 1.0],
                [0.73192, 0.069771, -0.677809, 0.0, -0.055927, 0.997539, 0.042291, 0.05, 0.679092, 0.006955, 0.734021, 0.0, 0.0, 0.0, 0.0, 1.0]
            ]
        },
        {
            "name": "Chest",
            "time": [0.0, 0.1667, 0.3333],
            "transform": [
                [0.971405, -0.061632, 0.229291, -0.0, 0.028367, 0.988931, 0.145638, 0.3, -0.235729, -0.134969, 0.962401, -0.0, 0.0, 0.0, 0.0, 1.0],
                [0.973085, -0.070979, 0.219244, -0.0, 0.032241, 0.983959, 0.175455, 0.3, -0.228181, -0.163664, 0.959765, -0.0, 0.0, 0.0, 0.0, 1.0],
                [0.971405, -0.061632, 0.229291, -0.0, 0.028367, 0.988931, 0.145638, 0.3, -0.235729, -0.134969, 0.962401, -0.0, 0.0, 0.0, 0.0, 1.0]
            ]
        },
        {
            "name": "Head",
            "time": [0.0, 0.1667, 0.3333],
            "transform": [
                [0.971669, -0.033596, -0.233945, 0.0, -0.079978, 0.884709, -0.459232, 0.4, 0.222402, 0.464932, 0.856957, 0.0, 0.0, 0.0, 0.0, 1.0],
                [0.988483, -0.043595, -0.144916, -0.0, -0.065197, 0.741498, -0.667779, 0.4, 0.136567, 0.669537, 0.730116, -0.0, 0.0, 0.0, 0.0, 1.0],
                [0.971669, -0.033596, -0.233945, 0.0, -0.079978, 0.884709, -0.459232, 0.4, 0.222402, 0.464932, 0.856957, 0.0, 0.0, 0.0, 0.0, 1.0]
            ]
        },
        {
            "name": "Shoulder_R",
            "time": [0.0, 0.3333],
            "transform": [
                [-0.211341, 0.943369, 0.255713, 0.0, -0.298248, -0.311388, 0.902267, 0.4, 0.930797, 0.11442, 0.347167, 0.0, 0.0, 0.0, 0.0, 1.0],
                [-0.211341, 0.943369, 0.255713, 0.0, -0.298248, -0.311388, 0.902267, 0.4, 0.930797, 0.11442, 0.347167, 0.0, 0.0, 0.0, 0.0, 1.0]
            ]
        },
        {
            "name": "Arm_R",
            "time": [0.0, 0.3333],
            "transform": [
                [-0.992758, 0.078105, 0.09128, -0.0, -0.041246, 0.492032, -0.869599, 0.39386, -0.112832, -0.867067, -0.485247, 0.0, 0.0, 0.0, 0.0, 1.0],
                [-0.992758, 0.078105, 0.09128, -0.0, -0.041246, 0.492032, -0.869599, 0.39386, -0.112832, -0.867067, -0.485247, 0.0, 0.0, 0.0, 0.0, 1.0]
            ]
        },
        {
            "name": "Hand_R",
            "time": [0.0, 0.3333],
            "transform": [
                [0.991306, -0.114191, 0.065371, -0.0, 0.116428, 0.9927, -0.031499, 0.3, -0.061296, 0.038836, 0.997364, -0.0, 0.0, 0.0, 0.0, 1.0],
                [0.991306, -0.114191, 0.065371, -0.0, 0.116428, 0.9927, -0.031499, 0.3, -0.061296, 0.038836, 0.997364, -0.0, 0.0, 0.0, 0.0, 1.0]
            ]
        },
        {
            "name": "Tool_R",
            "time": [0.0, 0.3333],
            "transform": [
                [-0.084671, 0.082192, -0.993029, -0.040102, 0.835472, -0.537214, -0.115705, 0.257301, -0.54264, -0.838941, -0.02317, 0.004924, 0.0, 0.0, 0.0, 1.0],
                [-0.084671, 0.082192, -0.993029, -0.040102, 0.835472, -0.537214, -0.115705, 0.257301, -0.54264, -0.838941, -0.02317, 0.004924, 0.0, 0.0, 0.0, 1.0]
            ]
        },
        {
            "name": "Elbow_R",
            "time": [0.0, 0.3333],
            "transform": [
                [-1.0, 0.0, -0.0, -0.0, 0.0, -0.0, -1.0, 0.346027, -0.0, -1.0, 0.0, -0.0, 0.0, 0.0, 0.0, 1.0],
                [-1.0, 0.0, -0.0, -0.0, 0.0, -0.0, -1.0, 0.346027, -0.0, -1.0, 0.0, -0.0, 0.0, 0.0, 0.0, 1.0]
            ]
        },
        {
            "name": "Shoulder_L",
            "time": [0.0, 0.3333],
            "transform": [
                [0.2519, -0.957995, -0.137081, 0.0, 0.313189, -0.053327, 0.948192, 0.4, -0.915673, -0.281782, 0.286601, 0.0, 0.0, 0.0, 0.0, 1.0],
                [0.2519, -0.957995, -0.137081, 0.0, 0.313189, -0.053327, 0.948192, 0.4, -0.915673, -0.281782, 0.286601, 0.0, 0.0, 0.0, 0.0, 1.0]
            ]
        },
        {
            "name": "Arm_L",
            "time": [0.0, 0.1667, 0.3333],
            "transform": [
                [-0.199545, 0.965892, -0.165027, 0.0, -0.752932, -0.25892, -0.605023, 0.39386, -0.627116, 0.003525, 0.778918, -0.0, 0.0, 0.0, 0.0, 1.0],
                [0.00484, 0.935479, -0.353349, -0.0, -0.635903, -0.269825, -0.723063, 0.39386, -0.771753, 0.228195, 0.593568, 0.0, 0.0, 0.0, 0.0, 1.0],
                [-0.199545, 0.965892, -0.165027, 0.0, -0.752932, -0.25892, -0.605023, 0.39386, -0.627116, 0.003525, 0.778918, -0.0, 0.0, 0.0, 0.0, 1.0]
            ]
        },
        {
            "name": "Hand_L",
            "time": [0.0, 0.3333],
            "transform": [
                [0.811012, 0.567694, 0.141363, 0.0, -0.249577, 0.554272, -0.794037, 0.3, -0.529124, 0.608692, 0.591204, -0.0, 0.0, 0.0, 0.0, 1.0],
                [0.811012, 0.567694, 0.141363, 0.0, -0.249577, 0.554272, -0.794037, 0.3, -0.529124, 0.608692, 0.591204, -0.0, 0.0, 0.0, 0.0, 1.0]
            ]
        },
        {
            "name": "Tool_L",
            "time": [0.0, 0.3333, 0.1667],
            "transform": [
                [0.69904, -0.002052, 0.715093, -0.0, 0.270448, -0.924959, -0.267041, 0.272858, 0.661581, 0.379827, -0.645664, -0.0, 0.0, 0.0, 0.0, 1.0],
                [0.881585, 0.130263, 0.453705, -0.0, 0.287608, -0.91038, -0.297478, 0.272858, 0.374069, 0.392492, -0.839567, -0.0, 0.0, 0.0, 0.0, 1.0],
                [0.69904, -0.002052, 0.715093, -0.0, 0.270448, -0.924959, -0.267041, 0.272858, 0.661581, 0.379827, -0.645664, -0.0, 0.0, 0.0, 0.0, 1.0]
            ]
        },
        {
            "name": "Elbow_L",
            "time": [0.0, 0.3333],
            "transform": [
                [-1.0, 0.0, -0.0, 0.0, 0.0, -0.0, -1.0, 0.443085, -0.0, -1.0, -0.0, 0.0, 0.0, 0.0, 0.0, 1.0],
                [-1.0, 0.0, -0.0, 0.0, 0.0, -0.0, -1.0, 0.443085, -0.0, -1.0, -0.0, 0.0, 0.0, 0.0, 0.0, 1.0]
            ]
        }
    ]
}