{
    "animation": [
        {
            "name": "Root",
            "time": [0.0, 0.3333],
            "transform": [
                [0.741365, -0.003525, 0.671092, -5e-06, 0.666475, -0.113348, -0.73686, 0.000946, 0.078665, 0.993549, -0.081683, 0.727916, 0.0, 0.0, 0.0, 1.0],
                [0.741365, -0.003525, 0.671092, -5e-06, 0.666475, -0.113348, -0.73686, 0.000946, 0.078665, 0.993549, -0.081683, 0.727916, 0.0, 0.0, 0.0, 1.0]
            ]
        },
        {
            "name": "Thigh_R",
            "time": [0.0, 0.3333],
            "transform": [
                [0.747717, 0.164825, 0.643234, 0.115665, 0.031406, -0.976394, 0.21369, -0.039773, 0.663273, -0.139577, -0.735246, 0.075197, 0.0, 0.0, 0.0, 1.0],
                [0.747717, 0.164825, 0.643234, 0.115665, 0.031406, -0.976394, 0.21369, -0.039773, 0.663273, -0.139577, -0.735246, 0.075197, 0.0, 0.0, 0.0, 1.0]
            ]
        },
        {
            "name": "Leg_R",
            "time": [0.0, 0.3333],
            "transform": [
                [0.999417, -0.021439, 0.026587, -0.0, 0.011592, 0.945161, 0.326401, 0.37472, -0.032127, -0.325902, 0.944857, 0.0, 0.0, 0.0, 0.0, 1.0],
                [0.999417, -0.021439, 0.026587, -0.0, 0.011592, 0.945161, 0.326401, 0.37472, -0.032127, -0.325902, 0.944857, 0.0, 0.0, 0.0, 0.0, 1.0]
            ]
        },
        {
            "name": "Knee_R",
            "time": [0.0, 0.3333],
            "transform": [
                [1.0, 0.0, -0.0, -0.0, -0.0, 1e-06, -1.0, 0.386727, -0.0, 1.0, 1e-06, 0.0, 0.0, 0.0, 0.0, 1.0],
                [1.0, 0.0, -0.0, -0.0, -0.0, 1e-06, -1.0, 0.386727, -0.0, 1.0, 1e-06, 0.0, 0.0, 0.0, 0.0, 1.0]
            ]
        },
        {
            "name": "Thigh_L",
            "time": [0.0, 0.3333],
            "transform": [
                [0.564004, -0.058536, -0.823694, -0.100239, -0.063616, -0.997599, 0.027335, 0.016385, -0.823317, 0.036984, -0.566375, -0.0748, 0.0, 0.0, 0.0, 1.0],
                [0.564004, -0.058536, -0.823694, -0.100239, -0.063616, -0.997599, 0.027335, 0.016385, -0.823317, 0.036984, -0.566375, -0.0748, 0.0, 0.0, 0.0, 1.0]
            ]
        },
        {
            "name": "Leg_L",
            "time": [0.0, 0.3333],
            "transform": [
                [0.9849, -0.098183, -0.142592, 0.0, 0.094345, 0.994977, -0.03345, 0.37472, 0.14516, 0.019492, 0.989217, -0.0, 0.0, 0.0, 0.0, 1.0],
                [0.9849, -0.098183, -0.142592, 0.0, 0.094345, 0.994977, -0.03345, 0.37472, 0.14516, 0.019492, 0.989217, -0.0, 0.0, 0.0, 0.0, 1.0]
            ]
        },
        {
            "name": "Knee_L",
            "time": [0.0, 0.3333],
            "transform": [
                [1.0, 0.0, -0.0, 0.0, -0.0, 1e-06, -1.0, 0.37472, -0.0, 1.0, 1e-06, -0.0, 0.0, 0.0, 0.0, 1.0],
                [1.0, 0.0, -0.0, 0.0, -0.0, 1e-06, -1.0, 0.37472, -0.0, 1.0, 1e-06, -0.0, 0.0, 0.0, 0.0, 1.0]
            ]
        },
        {
            "name": "Torso",
            "time": [0.0, 0.3333],
            "transform": [
                [0.73192, 0.069771, -0.677809, 0.0, -0.055927, 0.997539, 0.042291, 0.05, 0.679092, 0.006955, 0.734021, 0.0, 0.0, 0.0, 0.0, 1.0],
                [0.73192, 0.069771, -0.677809, 0.0, -0.055927, 0.997539, 0.042291, 0.05, 0.679092, 0.006955, 0.734021, 0.0, 0.0, 0.0, 0.0, 1.0]
            ]
        },
        {
            "name": "Chest",
            "time": [0.0, 0.1667, 0.3333],
            "transform": [
                [0.971405, -0.061632, 0.229291, -0.0, 0.028367, 0.988931, 0.145638, 0.3, -0.235729, -0.134969, 0.962401, -0.0, 0.0, 0.0, 0.0, 1.0],
                [0.973085, -0.070979, 0.219244, -0.0, 0.032241, 0.983959, 0.175455, 0.3, -0.228181, -0.163664, 0.959765, -0.0, 0.0, 0.0, 0.0, 1.0],
                [0.971405, -0.061632, 0.229291, -0.0, 0.028367, 0.988931, 0.145638, 0.3, -0.235729, -0.134969, 0.962401, -0.0, 0.0, 0.0, 0.0, 1.0]
            ]
        },
        {
            "name": "Head",
            "time": [0.0, 0.1667, 0.3333],
            "transform": [
                [0.971669, -0.033596, -0.233945, 0.0, -0.079978, 0.884709, -0.459232, 0.4, 0.222402, 0.464932, 0.856957, 0.0, 0.0, 0.0, 0.0, 1.0],
                [0.988483, -0.043595, -0.144916, -0.0, -0.065197, 0.741498, -0.667779, 0.4, 0.136567, 0.669537, 0.730116, -0.0, 0.0, 0.0, 0.0, 1.0],
                [0.971669, -0.033596, -0.233945, 0.0, -0.079978, 0.884709, -0.459232, 0.4, 0.222402, 0.464932, 0.856957, 0.0, 0.0, 0.0, 0.0, 1.0]
            ]
        },
        {
            "name": "Shoulder_R",
            "time": [0.0, 0.1667, 0.3333],
            "transform": [
                [0.12716, 0.843842, 0.521307, 0.0, -0.5981, -0.354041, 0.71898, 0.4, 0.791269, -0.403219, 0.459682, 0.0, 0.0, 0.0, 0.0, 1.0],
                [0.252189, 0.814092, 0.52312, -0.0, -0.676556, -0.238174, 0.696811, 0.4, 0.691862, -0.529648, 0.490714, -0.0, 0.0, 0.0, 0.0, 1.0],
                [0.12716, 0.843842, 0.521307, 0.0, -0.5981, -0.354041, 0.71898, 0.4, 0.791269, -0.403219, 0.459682, 0.0, 0.0, 0.0, 0.0, 1.0]
            ]
        },
        {
            "name": "Arm_R",
            "time": [0.0, 0.3333, 0.1667],
            "transform": [
                [-0.101476, -0.992117, -0.073534, -0.0, -0.396828, 0.108148, -0.9115, 0.39386, 0.912267, -0.063315, -0.404674, 0.0, 0.0, 0.0, 0.0, 1.0],
                [0.07278, -0.993939, 0.082393, -0.0, -0.39841, -0.104708, -0.911211, 0.39386, 0.914316, 0.033491, -0.403616, 0.0, 0.0, 0.0, 0.0, 1.0],
                [-0.101476, -0.992117, -0.073534, -0.0, -0.396828, 0.108148, -0.9115, 0.39386, 0.912267, -0.063315, -0.404674, 0.0, 0.0, 0.0, 0.0, 1.0]
            ]
        },
        {
            "name": "Hand_R",
            "time": [0.0, 0.1667, 0.3333],
            "transform": [
                [0.98743, 0.156663, 0.020937, -0.0, -0.026774, 0.296343, -0.954706, 0.3, -0.155772, 0.942145, 0.296812, 0.0, 0.0, 0.0, 0.0, 1.0],
                [0.883189, 0.440292, 0.161616, -0.0, -0.021832, 0.382804, -0.923572, 0.3, -0.468509, 0.81216, 0.3477, -0.0, 0.0, 0.0, 0.0, 1.0],
                [0.98743, 0.156663, 0.020937, -0.0, -0.026774, 0.296343, -0.954706, 0.3, -0.155772, 0.942145, 0.296812, 0.0, 0.0, 0.0, 0.0, 1.0]
            ]
        },
        {
            "name": "Tool_R",
            "time": [0.0, 0.1667, 0.3333],
            "transform": [
                [-0.142496, 0.696717, -0.703062, -0.040102, 0.886663, -0.225841, -0.403522, 0.257301, -0.439644, -0.680468, -0.585238, 0.004924, 0.0, 0.0, 0.0, 1.0],
                [-0.053304, 0.707446, -0.704765, -0.040102, 0.989215, -0.059011, -0.134058, 0.257301, -0.136334, -0.703884, -0.69627, 0.004924, 0.0, 0.0, 0.0, 1.0],
                [-0.142496, 0.696717, -0.703062, -0.040102, 0.886663, -0.225841, -0.403522, 0.257301, -0.439644, -0.680468, -0.585238, 0.004924, 0.0, 0.0, 0.0, 1.0]
            ]
        },
        {
            "name": "Elbow_R",
            "time": [0.0, 0.3333],
            "transform": [
                [-1.0, 0.0, -0.0, -0.0, 0.0, -0.0, -1.0, 0.346027, -0.0, -1.0, 0.0, 0.0, 0.0, 0.0, 0.0, 1.0],
                [-1.0, 0.0, -0.0, -0.0, 0.0, -0.0, -1.0, 0.346027, -0.0, -1.0, 0.0, 0.0, 0.0, 0.0, 0.0, 1.0]
            ]
        },
        {
            "name": "Shoulder_L",
            "time": [0.0, 0.1667, 0.3333],
            "transform": [
                [-0.029878, -0.927364, -0.372965, 0.0, 0.046268, -0.374014, 0.926268, 0.4, -0.998482, 0.010418, 0.054082, 0.0, 0.0, 0.0, 0.0, 1.0],
                [-0.029878, -0.927364, -0.372965, -0.0, 0.046268, -0.374014, 0.926268, 0.4, -0.998482, 0.010418, 0.054082, -0.0, 0.0, 0.0, 0.0, 1.0],
                [-0.029878, -0.927364, -0.372965, 0.0, 0.046268, -0.374014, 0.926268, 0.4, -0.998482, 0.010418, 0.054082, 0.0, 0.0, 0.0, 0.0, 1.0]
            ]
        },
        {
            "name": "Arm_L",
            "time": [0.1667, 0.0, 0.3333],
            "transform": [
                [-0.43903, -0.031236, 0.897929, -0.0, -0.772304, 0.523821, -0.359386, 0.39386, -0.459128, -0.851255, -0.254097, -0.0, 0.0, 0.0, 0.0, 1.0],
                [-0.458135, 0.084366, 0.88487, -0.0, -0.748822, 0.499741, -0.435344, 0.39386, -0.478934, -0.862056, -0.165773, -0.0, 0.0, 0.0, 0.0, 1.0],
                [-0.43903, -0.031236, 0.897929, -0.0, -0.772304, 0.523821, -0.359386, 0.39386, -0.459128, -0.851255, -0.254097, -0.0, 0.0, 0.0, 0.0, 1.0]
            ]
        },
        {
            "name": "Hand_L",
            "time": [0.0, 0.1667, 0.3333],
            "transform": [
                [0.970432, -0.158529, -0.182017, -0.0, 0.115928, 0.967531, -0.224598, 0.3, 0.211712, 0.196856, 0.957301, -0.0, 0.0, 0.0, 0.0, 1.0],
                [0.970432, -0.158529, -0.182017, -0.0, 0.115928, 0.967531, -0.224598, 0.3, 0.211712, 0.196856, 0.957301, 0.0, 0.0, 0.0, 0.0, 1.0],
                [0.970432, -0.158529, -0.182017, -0.0, 0.115928, 0.967531, -0.224598, 0.3, 0.211712, 0.196856, 0.957301, -0.0, 0.0, 0.0, 0.0, 1.0]
            ]
        },
        {
            "name": "Tool_L",
            "time": [0.0, 0.3333],
            "transform": [
                [0.77357, -0.628085, 0.084257, 0.0, -0.399699, -0.586754, -0.704259, 0.272858, 0.491469, 0.5108, -0.704546, -0.0, 0.0, 0.0, 0.0, 1.0],
                [0.77357, -0.628085, 0.084257, 0.0, -0.399699, -0.586754, -0.704259, 0.272858, 0.491469, 0.5108, -0.704546, -0.0, 0.0, 0.0, 0.0, 1.0]
            ]
        },
        {
            "name": "Elbow_L",
            "time": [0.0, 0.3333],
            "transform": [
                [-1.0, 0.0, -0.0, -0.0, 0.0, -0.0, -1.0, 0.443085, -0.0, -1.0, -0.0, -0.0, 0.0, 0.0, 0.0, 1.0],
                [-1.0, 0.0, -0.0, -0.0, 0.0, -0.0, -1.0, 0.443085, -0.0, -1.0, -0.0, -0.0, 0.0, 0.0, 0.0, 1.0]
            ]
        }
    ]
}