{
    "animation": [
        {
            "name": "Root",
            "time": [0.0, 0.2833],
            "transform": [
                [0.741365, -0.003525, 0.671092, -5e-06, 0.666475, -0.113348, -0.73686, 0.000946, 0.078665, 0.993549, -0.081683, 0.727916, 0.0, 0.0, 0.0, 1.0],
                [0.741365, -0.003525, 0.671092, -5e-06, 0.666475, -0.113348, -0.73686, 0.000946, 0.078665, 0.993549, -0.081683, 0.727916, 0.0, 0.0, 0.0, 1.0]
            ]
        },
        {
            "name": "Thigh_R",
            "time": [0.0, 0.2833],
            "transform": [
                [0.749436, 0.064282, 0.658948, 0.12083, 0.034725, -0.997719, 0.057838, 0.030124, 0.661164, -0.020463, -0.749962, 0.056388, 0.0, 0.0, 0.0, 1.0],
                [0.749436, 0.064282, 0.658948, 0.12083, 0.034725, -0.997719, 0.057838, 0.030124, 0.661164, -0.020463, -0.749962, 0.056388, 0.0, 0.0, 0.0, 1.0]
            ]
        },
        {
            "name": "Leg_R",
            "time": [0.0, 0.2833],
            "transform": [
                [0.995373, 0.050774, 0.081578, -0.0, -0.061202, 0.989508, 0.130878, 0.37472, -0.074077, -0.135266, 0.988036, -0.0, 0.0, 0.0, 0.0, 1.0],
                [0.995373, 0.050774, 0.081578, -0.0, -0.061202, 0.989508, 0.130878, 0.37472, -0.074077, -0.135266, 0.988036, -0.0, 0.0, 0.0, 0.0, 1.0]
            ]
        },
        {
            "name": "Knee_R",
            "time": [0.0, 0.2833],
            "transform": [
                [1.0, 0.0, -0.0, -0.0, -0.0, 1e-06, -1.0, 0.386727, -0.0, 1.0, 1e-06, -0.0, 0.0, 0.0, 0.0, 1.0],
                [1.0, 0.0, -0.0, -0.0, -0.0, 1e-06, -1.0, 0.386727, -0.0, 1.0, 1e-06, -0.0, 0.0, 0.0, 0.0, 1.0]
            ]
        },
        {
            "name": "Thigh_L",
            "time": [0.0, 0.2833],
            "transform": [
                [0.573376, -0.076693, -0.815694, -0.100239, -0.030492, -0.996916, 0.072298, 0.016385, -0.818723, -0.016581, -0.573948, -0.0748, 0.0, 0.0, 0.0, 1.0],
                [0.573376, -0.076693, -0.815694, -0.100239, -0.030492, -0.996916, 0.072298, 0.016385, -0.818723, -0.016581, -0.573948, -0.0748, 0.0, 0.0, 0.0, 1.0]
            ]
        },
        {
            "name": "Leg_L",
            "time": [0.0, 0.2833],
            "transform": [
                [0.9849, -0.098183, -0.142592, 0.0, 0.094345, 0.994977, -0.03345, 0.37472, 0.14516, 0.019492, 0.989217, 0.0, 0.0, 0.0, 0.0, 1.0],
                [0.9849, -0.098183, -0.142592, 0.0, 0.094345, 0.994977, -0.03345, 0.37472, 0.14516, 0.019492, 0.989217, 0.0, 0.0, 0.0, 0.0, 1.0]
            ]
        },
        {
            "name": "Knee_L",
            "time": [0.0, 0.2833],
            "transform": [
                [1.0, 0.0, -0.0, 0.0, -0.0, 1e-06, -1.0, 0.37472, -0.0, 1.0, 1e-06, 0.0, 0.0, 0.0, 0.0, 1.0],
                [1.0, 0.0, -0.0, 0.0, -0.0, 1e-06, -1.0, 0.37472, -0.0, 1.0, 1e-06, 0.0, 0.0, 0.0, 0.0, 1.0]
            ]
        },
        {
            "name": "Torso",
            "time": [0.0, 0.2833],
            "transform": [
                [0.729107, 0.146337, -0.668572, 0.0, -0.049232, 0.985557, 0.162028, 0.05, 0.682627, -0.085221, 0.725781, 0.0, 0.0, 0.0, 0.0, 1.0],
                [0.729107, 0.146337, -0.668572, 0.0, -0.049232, 0.985557, 0.162028, 0.05, 0.682627, -0.085221, 0.725781, 0.0, 0.0, 0.0, 0.0, 1.0]
            ]
        },
        {
            "name": "Chest",
            "time": [0.0, 0.2833, 0.1333],
            "transform": [
                [0.966427, -0.074809, 0.245811, 0.0, 0.061456, 0.99621, 0.061561, 0.3, -0.249485, -0.044388, 0.967361, 0.0, 0.0, 0.0, 0.0, 1.0],
                [0.970686, -0.085473, 0.224638, 0.0, 0.069192, 0.994439, 0.079393, 0.3, -0.230174, -0.061523, 0.971203, 0.0, 0.0, 0.0, 0.0, 1.0],
                [0.966427, -0.074809, 0.245811, 0.0, 0.061456, 0.99621, 0.061561, 0.3, -0.249485, -0.044388, 0.967361, 0.0, 0.0, 0.0, 0.0, 1.0]
            ]
        },
        {
            "name": "Head",
            "time": [0.0, 0.2833, 0.1333],
            "transform": [
                [0.989191, -0.00891, -0.146364, -0.0, -0.003963, 0.996163, -0.087425, 0.4, 0.146582, 0.08706, 0.98536, -0.0, 0.0, 0.0, 0.0, 1.0],
                [0.994257, -0.031811, -0.102185, 0.0, 0.036227, 0.998475, 0.041656, 0.4, 0.100704, -0.045118, 0.993893, -0.0, 0.0, 0.0, 0.0, 1.0],
                [0.989191, -0.00891, -0.146364, -0.0, -0.003963, 0.996163, -0.087425, 0.4, 0.146582, 0.08706, 0.98536, -0.0, 0.0, 0.0, 0.0, 1.0]
            ]
        },
        {
            "name": "Shoulder_R",
            "time": [0.0, 0.1333, 0.2833],
            "transform": [
                [0.126376, 0.849286, 0.512584, -0.0, -0.471674, -0.40313, 0.784226, 0.4, 0.87267, -0.34088, 0.34964, -0.0, 0.0, 0.0, 0.0, 1.0],
                [0.201577, 0.811138, 0.54902, 0.0, -0.501867, -0.39582, 0.769062, 0.4, 0.841127, -0.43056, 0.327295, -0.0, 0.0, 0.0, 0.0, 1.0],
                [0.126376, 0.849286, 0.512584, -0.0, -0.471674, -0.40313, 0.784226, 0.4, 0.87267, -0.34088, 0.34964, -0.0, 0.0, 0.0, 0.0, 1.0]
            ]
        },
        {
            "name": "Arm_R",
            "time": [0.0, 0.2833],
            "transform": [
                [-0.16569, -0.985257, -0.042617, 0.0, -0.285514, 0.089289, -0.954206, 0.393861, 0.943944, -0.145935, -0.296099, 0.0, 0.0, 0.0, 0.0, 1.0],
                [-0.16569, -0.985257, -0.042617, 0.0, -0.285514, 0.089289, -0.954206, 0.393861, 0.943944, -0.145935, -0.296099, 0.0, 0.0, 0.0, 0.0, 1.0]
            ]
        },
        {
            "name": "Hand_R",
            "time": [0.0, 0.2833, 0.1333],
            "transform": [
                [0.978856, 0.013034, 0.204137, -0.0, 0.180773, 0.411888, -0.893124, 0.3, -0.095722, 0.911142, 0.400822, 0.0, 0.0, 0.0, 0.0, 1.0],
                [0.993192, 0.089811, 0.07419, 0.0, 0.056166, 0.188769, -0.980414, 0.3, -0.102057, 0.977906, 0.182439, -0.0, 0.0, 0.0, 0.0, 1.0],
                [0.978856, 0.013034, 0.204137, -0.0, 0.180773, 0.411888, -0.893124, 0.3, -0.095722, 0.911142, 0.400822, 0.0, 0.0, 0.0, 0.0, 1.0]
            ]
        },
        {
            "name": "Tool_R",
            "time": [0.0, 0.2833],
            "transform": [
                [0.514106, -0.272082, -0.813441, -0.040102, -0.783727, -0.534356, -0.316603, 0.257301, -0.348322, 0.799793, -0.487676, 0.004924, 0.0, 0.0, 0.0, 1.0],
                [0.514106, -0.272082, -0.813441, -0.040102, -0.783727, -0.534356, -0.316603, 0.257301, -0.348322, 0.799793, -0.487676, 0.004924, 0.0, 0.0, 0.0, 1.0]
            ]
        },
        {
            "name": "Elbow_R",
            "time": [0.0, 0.2833],
            "transform": [
                [-1.0, 0.0, 0.0, -0.0, 0.0, -0.0, -1.0, 0.346027, -0.0, -1.0, 0.0, 0.0, 0.0, 0.0, 0.0, 1.0],
                [-1.0, 0.0, 0.0, -0.0, 0.0, -0.0, -1.0, 0.346027, -0.0, -1.0, 0.0, 0.0, 0.0, 0.0, 0.0, 1.0]
            ]
        },
        {
            "name": "Shoulder_L",
            "time": [0.0, 0.2833, 0.1333],
            "transform": [
                [-0.029878, -0.927364, -0.372965, -0.0, 0.046268, -0.374014, 0.926268, 0.4, -0.998482, 0.010418, 0.054082, -0.0, 0.0, 0.0, 0.0, 1.0],
                [0.038826, -0.940224, -0.338334, 0.0, 0.052641, -0.336195, 0.94032, 0.4, -0.997858, -0.054319, 0.036441, -0.0, 0.0, 0.0, 0.0, 1.0],
                [-0.029878, -0.927364, -0.372965, -0.0, 0.046268, -0.374014, 0.926268, 0.4, -0.998482, 0.010418, 0.054082, -0.0, 0.0, 0.0, 0.0, 1.0]
            ]
        },
        {
            "name": "Arm_L",
            "time": [0.0, 0.2833, 0.1333],
            "transform": [
                [-0.479207, 0.270751, 0.834897, -0.0, -0.703266, 0.450693, -0.549811, 0.39386, -0.525145, -0.850628, -0.025566, 0.0, 0.0, 0.0, 0.0, 1.0],
                [-0.466029, 0.246266, 0.849806, 0.0, -0.714605, 0.461563, -0.525642, 0.39386, -0.521687, -0.852239, -0.039119, 0.0, 0.0, 0.0, 0.0, 1.0],
                [-0.479207, 0.270751, 0.834897, -0.0, -0.703266, 0.450693, -0.549811, 0.39386, -0.525145, -0.850628, -0.025566, 0.0, 0.0, 0.0, 0.0, 1.0]
            ]
        },
        {
            "name": "Hand_L",
            "time": [0.0, 0.2833, 0.1333],
            "transform": [
                [0.970432, -0.158529, -0.182017, -0.0, 0.115928, 0.967531, -0.224598, 0.3, 0.211712, 0.196856, 0.957301, 0.0, 0.0, 0.0, 0.0, 1.0],
                [0.977078, -0.123393, -0.17347, -0.0, 0.081608, 0.969732, -0.230132, 0.3, 0.196616, 0.2107, 0.957574, 0.0, 0.0, 0.0, 0.0, 1.0],
                [0.970432, -0.158529, -0.182017, -0.0, 0.115928, 0.967531, -0.224598, 0.3, 0.211712, 0.196856, 0.957301, 0.0, 0.0, 0.0, 0.0, 1.0]
            ]
        },
        {
            "name": "Tool_L",
            "time": [0.0, 0.2833],
            "transform": [
                [0.773571, -0.628085, 0.084257, 0.0, -0.399698, -0.586754, -0.704259, 0.272858, 0.491469, 0.5108, -0.704546, -0.0, 0.0, 0.0, 0.0, 1.0],
                [0.773571, -0.628085, 0.084257, 0.0, -0.399698, -0.586754, -0.704259, 0.272858, 0.491469, 0.5108, -0.704546, -0.0, 0.0, 0.0, 0.0, 1.0]
            ]
        },
        {
            "name": "Elbow_L",
            "time": [0.0, 0.2833],
            "transform": [
                [-1.0, 0.0, -0.0, -0.0, 0.0, -0.0, -1.0, 0.443085, -0.0, -1.0, -0.0, 0.0, 0.0, 0.0, 0.0, 1.0],
                [-1.0, 0.0, -0.0, -0.0, 0.0, -0.0, -1.0, 0.443085, -0.0, -1.0, -0.0, 0.0, 0.0, 0.0, 0.0, 1.0]
            ]
        }
    ]
}