{
    "animation": [
        {
            "name": "Root",
            "time": [0.0, 0.2833],
            "transform": [
                [0.741365, -0.003525, 0.671092, -5e-06, 0.666475, -0.113348, -0.73686, 0.000946, 0.078665, 0.993549, -0.081683, 0.727916, 0.0, 0.0, 0.0, 1.0],
                [0.741365, -0.003525, 0.671092, -5e-06, 0.666475, -0.113348, -0.73686, 0.000946, 0.078665, 0.993549, -0.081683, 0.727916, 0.0, 0.0, 0.0, 1.0]
            ]
        },
        {
            "name": "Thigh_R",
            "time": [0.0, 0.2833],
            "transform": [
                [0.876121, 0.123022, 0.466129, 0.115665, 0.078583, -0.990401, 0.11369, -0.039773, 0.475642, -0.062976, -0.877382, 0.075197, 0.0, 0.0, 0.0, 1.0],
                [0.876121, 0.123022, 0.466129, 0.115665, 0.078583, -0.990401, 0.11369, -0.039773, 0.475642, -0.062976, -0.877382, 0.075197, 0.0, 0.0, 0.0, 1.0]
            ]
        },
        {
            "name": "Leg_R",
            "time": [0.0, 0.2833],
            "transform": [
                [0.986064, -0.050346, 0.158563, -0.0, 0.030006, 0.991301, 0.128149, 0.37472, -0.163636, -0.121606, 0.978996, 0.0, 0.0, 0.0, 0.0, 1.0],
                [0.986064, -0.050346, 0.158563, -0.0, 0.030006, 0.991301, 0.128149, 0.37472, -0.163636, -0.121606, 0.978996, 0.0, 0.0, 0.0, 0.0, 1.0]
            ]
        },
        {
            "name": "Knee_R",
            "time": [0.0, 0.2833],
            "transform": [
                [1.0, 0.0, -0.0, -0.0, -0.0, 1e-06, -1.0, 0.386727, -0.0, 1.0, 1e-06, 0.0, 0.0, 0.0, 0.0, 1.0],
                [1.0, 0.0, -0.0, -0.0, -0.0, 1e-06, -1.0, 0.386727, -0.0, 1.0, 1e-06, 0.0, 0.0, 0.0, 0.0, 1.0]
            ]
        },
        {
            "name": "Thigh_L",
            "time": [0.0, 0.2833],
            "transform": [
                [0.739235, -0.13365, -0.660052, -0.100239, -0.106812, -0.990971, 0.08103, 0.016385, -0.664922, 0.010602, -0.746837, -0.0748, 0.0, 0.0, 0.0, 1.0],
                [0.739235, -0.13365, -0.660052, -0.100239, -0.106812, -0.990971, 0.08103, 0.016385, -0.664922, 0.010602, -0.746837, -0.0748, 0.0, 0.0, 0.0, 1.0]
            ]
        },
        {
            "name": "Leg_L",
            "time": [0.0, 0.2833],
            "transform": [
                [0.9849, -0.098183, -0.142592, -0.0, 0.094345, 0.994977, -0.03345, 0.37472, 0.14516, 0.019492, 0.989217, -0.0, 0.0, 0.0, 0.0, 1.0],
                [0.9849, -0.098183, -0.142592, -0.0, 0.094345, 0.994977, -0.03345, 0.37472, 0.14516, 0.019492, 0.989217, -0.0, 0.0, 0.0, 0.0, 1.0]
            ]
        },
        {
            "name": "Knee_L",
            "time": [0.0, 0.2833],
            "transform": [
                [1.0, 0.0, -0.0, -0.0, -0.0, 1e-06, -1.0, 0.37472, -0.0, 1.0, 1e-06, -0.0, 0.0, 0.0, 0.0, 1.0],
                [1.0, 0.0, -0.0, -0.0, -0.0, 1e-06, -1.0, 0.37472, -0.0, 1.0, 1e-06, -0.0, 0.0, 0.0, 0.0, 1.0]
            ]
        },
        {
            "name": "Torso",
            "time": [0.0, 0.2833],
            "transform": [
                [0.729107, 0.146337, -0.668572, 0.0, -0.049232, 0.985557, 0.162028, 0.05, 0.682627, -0.085221, 0.725781, 0.0, 0.0, 0.0, 0.0, 1.0],
                [0.729107, 0.146337, -0.668572, 0.0, -0.049232, 0.985557, 0.162028, 0.05, 0.682627, -0.085221, 0.725781, 0.0, 0.0, 0.0, 0.0, 1.0]
            ]
        },
        {
            "name": "Chest",
            "time": [0.0, 0.2833, 0.1333],
            "transform": [
                [0.966427, -0.074809, 0.245811, 0.0, 0.061456, 0.99621, 0.061561, 0.3, -0.249485, -0.044388, 0.967361, 0.0, 0.0, 0.0, 0.0, 1.0],
                [0.970686, -0.085473, 0.224638, 0.0, 0.069192, 0.994439, 0.079393, 0.3, -0.230174, -0.061523, 0.971203, 0.0, 0.0, 0.0, 0.0, 1.0],
                [0.966427, -0.074809, 0.245811, 0.0, 0.061456, 0.99621, 0.061561, 0.3, -0.249485, -0.044388, 0.967361, 0.0, 0.0, 0.0, 0.0, 1.0]
            ]
        },
        {
            "name": "Head",
            "time": [0.0, 0.2833, 0.1333],
            "transform": [
                [0.989191, -0.00891, -0.146364, -0.0, -0.003963, 0.996163, -0.087425, 0.4, 0.146582, 0.08706, 0.98536, -0.0, 0.0, 0.0, 0.0, 1.0],
                [0.994257, -0.031811, -0.102185, 0.0, 0.036227, 0.998475, 0.041656, 0.4, 0.100704, -0.045118, 0.993893, -0.0, 0.0, 0.0, 0.0, 1.0],
                [0.989191, -0.00891, -0.146364, -0.0, -0.003963, 0.996163, -0.087425, 0.4, 0.146582, 0.08706, 0.98536, -0.0, 0.0, 0.0, 0.0, 1.0]
            ]
        },
        {
            "name": "Shoulder_R",
            "time": [0.0, 0.1333, 0.2833],
            "transform": [
                [-0.203493, 0.956539, 0.208864, -0.0, -0.234054, -0.254669, 0.938277, 0.4, 0.950689, 0.142047, 0.275705, -0.0, 0.0, 0.0, 0.0, 1.0],
                [-0.203493, 0.956539, 0.208864, 0.0, -0.234054, -0.254669, 0.938276, 0.4, 0.950689, 0.142047, 0.275705, -0.0, 0.0, 0.0, 0.0, 1.0],
                [-0.203493, 0.956539, 0.208864, -0.0, -0.234054, -0.254669, 0.938277, 0.4, 0.950689, 0.142047, 0.275705, -0.0, 0.0, 0.0, 0.0, 1.0]
            ]
        },
        {
            "name": "Arm_R",
            "time": [0.0, 0.2833],
            "transform": [
                [-0.93034, 0.110387, 0.34969, 0.0, -0.267321, 0.44861, -0.852812, 0.393861, -0.251014, -0.886885, -0.387851, -0.0, 0.0, 0.0, 0.0, 1.0],
                [-0.93034, 0.110387, 0.34969, 0.0, -0.267321, 0.44861, -0.852812, 0.393861, -0.251014, -0.886885, -0.387851, -0.0, 0.0, 0.0, 0.0, 1.0]
            ]
        },
        {
            "name": "Hand_R",
            "time": [0.0, 0.1333, 0.2833],
            "transform": [
                [0.99766, 0.052326, -0.044005, -0.0, -0.053653, 0.998123, -0.029534, 0.3, 0.042377, 0.031826, 0.998595, -0.0, 0.0, 0.0, 0.0, 1.0],
                [0.982415, 0.173773, -0.068291, -0.0, -0.174567, 0.984628, -0.005794, 0.3, 0.066234, 0.017613, 0.997649, 0.0, 0.0, 0.0, 0.0, 1.0],
                [0.99766, 0.052326, -0.044005, -0.0, -0.053653, 0.998123, -0.029534, 0.3, 0.042377, 0.031826, 0.998595, -0.0, 0.0, 0.0, 0.0, 1.0]
            ]
        },
        {
            "name": "Tool_R",
            "time": [0.0, 0.2833],
            "transform": [
                [-0.221199, -0.122883, -0.967471, -0.040102, -0.181974, -0.969406, 0.164739, 0.257301, -0.957535, 0.212355, 0.191961, 0.004924, 0.0, 0.0, 0.0, 1.0],
                [-0.221199, -0.122883, -0.967471, -0.040102, -0.181974, -0.969406, 0.164739, 0.257301, -0.957535, 0.212355, 0.191961, 0.004924, 0.0, 0.0, 0.0, 1.0]
            ]
        },
        {
            "name": "Elbow_R",
            "time": [0.0, 0.2833],
            "transform": [
                [-1.0, 0.0, -0.0, -0.0, 0.0, -0.0, -1.0, 0.346027, -0.0, -1.0, 0.0, -0.0, 0.0, 0.0, 0.0, 1.0],
                [-1.0, 0.0, -0.0, -0.0, 0.0, -0.0, -1.0, 0.346027, -0.0, -1.0, 0.0, -0.0, 0.0, 0.0, 0.0, 1.0]
            ]
        },
        {
            "name": "Shoulder_L",
            "time": [0.0, 0.1333, 0.2833],
            "transform": [
                [0.283947, -0.935048, -0.212269, -0.0, 0.147311, -0.176212, 0.973267, 0.4, -0.947456, -0.307626, 0.087708, -0.0, 0.0, 0.0, 0.0, 1.0],
                [0.255545, -0.933647, -0.250998, 0.0, 0.173821, -0.211018, 0.961903, 0.4, -0.951043, -0.289438, 0.108363, -0.0, 0.0, 0.0, 0.0, 1.0],
                [0.283947, -0.935048, -0.212269, -0.0, 0.147311, -0.176212, 0.973267, 0.4, -0.947456, -0.307626, 0.087708, -0.0, 0.0, 0.0, 0.0, 1.0]
            ]
        },
        {
            "name": "Arm_L",
            "time": [0.0, 0.1333, 0.2833],
            "transform": [
                [-0.099324, 0.985313, 0.138893, -0.0, -0.558329, 0.060354, -0.827421, 0.39386, -0.823652, -0.159731, 0.544135, 0.0, 0.0, 0.0, 0.0, 1.0],
                [-0.066362, 0.993181, 0.095846, 0.0, -0.486705, 0.051635, -0.872039, 0.39386, -0.871042, -0.104519, 0.47996, 0.0, 0.0, 0.0, 0.0, 1.0],
                [-0.099324, 0.985313, 0.138893, -0.0, -0.558329, 0.060354, -0.827421, 0.39386, -0.823652, -0.159731, 0.544135, 0.0, 0.0, 0.0, 0.0, 1.0]
            ]
        },
        {
            "name": "Hand_L",
            "time": [0.0, 0.1333, 0.2833],
            "transform": [
                [0.843673, 0.520792, 0.130349, -0.0, -0.104009, 0.39676, -0.912011, 0.3, -0.526685, 0.755882, 0.388903, 0.0, 0.0, 0.0, 0.0, 1.0],
                [0.836861, 0.533872, 0.121016, 0.0, -0.062375, 0.312624, -0.947827, 0.3, -0.543851, 0.785651, 0.294923, -0.0, 0.0, 0.0, 0.0, 1.0],
                [0.843673, 0.520792, 0.130349, -0.0, -0.104009, 0.39676, -0.912011, 0.3, -0.526685, 0.755882, 0.388903, 0.0, 0.0, 0.0, 0.0, 1.0]
            ]
        },
        {
            "name": "Tool_L",
            "time": [0.0, 0.2833],
            "transform": [
                [0.731332, -0.597393, 0.329059, -0.0, -0.517498, -0.800315, -0.302813, 0.272858, 0.443974, 0.051129, -0.89394, -0.0, 0.0, 0.0, 0.0, 1.0],
                [0.731332, -0.597393, 0.329059, -0.0, -0.517498, -0.800315, -0.302813, 0.272858, 0.443974, 0.051129, -0.89394, -0.0, 0.0, 0.0, 0.0, 1.0]
            ]
        },
        {
            "name": "Elbow_L",
            "time": [0.0, 0.2833],
            "transform": [
                [-1.0, 0.0, -0.0, -0.0, 0.0, -0.0, -1.0, 0.443085, -0.0, -1.0, -0.0, 0.0, 0.0, 0.0, 0.0, 1.0],
                [-1.0, 0.0, -0.0, -0.0, 0.0, -0.0, -1.0, 0.443085, -0.0, -1.0, -0.0, 0.0, 0.0, 0.0, 0.0, 1.0]
            ]
        }
    ]
}